/* WBGT array
--Explain of this table
	Vertical:	Temperature(degree Celsius)
	Horizontal:	Fumidity(%, x10, space means 0.5)

--Worning level
	0: Attention
	1: Worning
	2: Strict vigilance
	3: Danger
							*/

table_wbgt[17][20]={
 //2   3   4   5   6   7   8   9  10
	{2,2,3,3,3,3,3,3,3,3,3,3,3,3,3,3,3},	//40
	{2,2,2,3,3,3,3,3,3,3,3,3,3,3,3,3,3},	//39
	{2,2,2,2,3,3,3,3,3,3,3,3,3,3,3,3,3},	//38
	{1,2,2,2,2,3,3,3,3,3,3,3,3,3,3,3,3},	//37
	{1,1,2,2,2,2,3,3,3,3,3,3,3,3,3,3,3},	//36
	{1,1,1,2,2,2,2,3,3,3,3,3,3,3,3,3,3},	//35
	{1,1,1,1,2,2,2,2,3,3,3,3,3,3,3,3,3},	//34
	{0,1,1,1,1,2,2,2,2,3,3,3,3,3,3,3,3},	//33
	{0,0,1,1,1,1,2,2,2,2,3,3,3,3,3,3,3},	//32
	{0,0,0,0,1,1,1,1,2,2,2,2,3,3,3,3,3},	//31
	{0,0,0,0,0,1,1,1,1,2,2,2,2,3,3,3,3},	//30
	{0,0,0,0,0,0,1,1,1,1,2,2,2,2,3,3,3},	//29
	{0,0,0,0,0,0,0,1,1,1,1,2,2,2,2,2,3},	//28
	{0,0,0,0,0,0,0,0,1,1,1,1,1,2,2,2,2},	//27
	{0,0,0,0,0,0,0,0,0,0,1,1,1,1,2,2,2},	//26
	{0,0,0,0,0,0,0,0,0,0,0,1,1,1,1,1,2},	//25
	{0,0,0,0,0,0,0,0,0,0,0,0,0,1,1,1,1},	//24
	{0,0,0,0,0,0,0,0,0,0,0,0,0,0,1,1,1},	//23
	{0,0,0,0,0,0,0,0,0,0,0,0,0,0,0,0,1},	//22
	{0,0,0,0,0,0,0,0,0,0,0,0,0,0,0,0,0},	//21
};
